v3.0 hex words addressed
00: 0007 0407 0807 0c07 1c00 3480 611b 1401 3000 4000 610d 0000 60ab 1401 3010 4000 
10: 6113 0400 60ab 1401 3020 4000 6119 0800 60ab 0c00 60ab 34a0 6134 1401 3000 4000 
20: 6223 2050 60ab 1401 3010 4000 6229 2450 60ab 1401 3020 4000 622f 2850 60ab 1401 
30: 3030 4000 2c50 60ab 30a0 3400 4100 3050 3400 4000 6353 3840 3080 1401 4000 3060 
40: 6151 1401 4000 614c 1401 3840 3090 4000 3060 6151 1000 6051 3440 6151 3490 6151 
50: 1001 2040 60ab 30a0 3410 4100 3050 3410 4000 6372 3840 3080 1401 4000 3060 6170 
60: 1401 4000 616b 1401 3840 3090 4000 3060 6170 1000 6070 3440 6170 3490 6170 1001 
70: 2440 60ab 30a0 3420 4100 3050 3420 4000 6391 3840 3080 1401 4000 3060 618f 1401 
80: 4000 618a 1401 3840 3090 4000 3060 618f 1000 608f 3440 618f 3490 618f 1001 2840 
90: 60ab 30a0 3430 4100 3850 3080 1401 4000 3060 61aa 1401 4000 61a5 1401 3840 3090 
a0: 4000 3060 61aa 1000 60aa 3440 61aa 3490 61aa 1001 2c40 3480 61b1 34b0 61b1 1c01 
b0: 60b8 a000 9000 3480 6105 34b0 6105 1c02 9000 6000 0000 0000 0000 0000 0000 0000 
c0: 0000 0000 0000 0000 0000 0000 0000 0000 0000 0000 0000 0000 0000 0000 0000 0000 
d0: 0000 0000 0000 0000 0000 0000 0000 0000 0000 0000 0000 0000 0000 0000 0000 0000 
e0: 0000 0000 0000 0000 0000 0000 0000 0000 0000 0000 0000 0000 0000 0000 0000 0000 
f0: 0000 0000 0000 0000 0000 0000 0000 0000 0000 0000 0000 0000 0000 0000 0000 0000 
